name: allelecalling
channels:
  - bioconda/label/cf201901
  - tsnyder
  - anaconda
  - conda-forge/label/cf202003
  - conda-forge
  - bioconda
  - defaults
dependencies:
  - _libgcc_mutex=0.1=conda_forge
  - _openmp_mutex=4.5=2_gnu
  - bcftools=1.9=h68d8f2e_9
  - binutils_impl_linux-64=2.36.1=h193b22a_2
  - binutils_linux-64=2.36=hf3e587d_33
  - bwa=0.7.17=h7132678_9
  - bzip2=1.0.8=h7f98852_4
  - c-ares=1.18.1=h7f98852_0
  - ca-certificates=2022.4.26=h06a4308_0
  - certifi=2021.10.8=py37h89c1867_2
  - curl=7.61.0=h93b3f91_2
  - gcc_impl_linux-64=7.5.0=habd7529_20
  - gcc_linux-64=7.5.0=h47867f9_33
  - gmp=6.1.0=2
  - gnumake=4.2=1
  - gsl=2.5=h294904e_1
  - guile=2.0.11.177_461b6=1
  - htslib=1.9=h4da6232_3
  - kernel-headers_linux-64=2.6.32=he073ed8_15
  - keyutils=1.6.1=h166bdaf_0
  - krb5=1.14.6=0
  - ld_impl_linux-64=2.36.1=hea4e1c9_2
  - libblas=3.9.0=14_linux64_openblas
  - libcblas=3.9.0=14_linux64_openblas
  - libdeflate=1.2=h516909a_1
  - libedit=3.1.20191231=h46ee950_2
  - libev=4.33=h516909a_1
  - libffi=3.2.1=he1b5a44_1007
  - libgc=7.4.2=1
  - libgcc=7.2.0=h69d50b8_2
  - libgcc-devel_linux-64=7.5.0=hda03d7c_20
  - libgcc-ng=11.2.0=h1d223b6_16
  - libgfortran-ng=11.2.0=h69a702a_16
  - libgfortran5=11.2.0=h5c6108e_16
  - libgomp=11.2.0=h1d223b6_16
  - libnsl=2.0.0=h7f98852_0
  - libopenblas=0.3.20=pthreads_h78a6416_0
  - libssh2=1.8.0=h1ad7b7a_1003
  - libstdcxx-ng=11.2.0=he4da1e4_16
  - libunistring=0.9.5=1
  - libzlib=1.2.11=h166bdaf_1014
  - ncurses=6.1=hf484d3e_1002
  - openssl=1.0.2u=h516909a_0
  - parallel-fastq-dump=0.6.7=pyhdfd78af_0
  - perl=5.26.2=h14c3975_0
  - perl-file-remove=1.57=pl526h2d50403_2
  - perl-file-spec=3.48_01=pl526_1
  - perl-test-more=1.001002=pl526_1
  - perl-threaded=5.22.0=13
  - perl-vcftools-vcf=0.953=3
  - pip=20.3.4=pyhd8ed1ab_0
  - python=3.7.1=hd21baee_1001
  - python-levenshtein=0.12.0=py37h516909a_1001
  - python_abi=3.7=2_cp37m
  - readline=7.0=hf8c457e_1001
  - samtools=1.9=h10a08f8_12
  - setuptools=62.1.0=py37h89c1867_0
  - sqlite=3.28.0=h8b20d00_0
  - sra-tools=2.8.0=0
  - sysroot_linux-64=2.12=he073ed8_15
  - tk=8.6.12=h27826a3_0
  - vcftools=0.1.16=h9a82719_5
  - wheel=0.37.1=pyhd8ed1ab_0
  - xz=5.2.5=h516909a_1
  - zlib=1.2.11=h166bdaf_1014
  - pip:
    - biopython==1.79
    - dict-trie==1.0.1
    - fastools==0.14.1
    - jit-open==1.0.2
    - numpy==1.21.6
    - piletools==0.21.2
    - sim-reads==0.0.4
    - suds==1.1.1
    - wiggelen==0.4.1
prefix: /scicomp/home-pure/spu0/yes/envs/allelecalling
