FUMC/FUMC-5	0	16	7	16	3	22	15	16	1	26
FUMC/FUMC-10	16	0	11	4	17	12	1	2	15	16
FUMC/FUMC-8	7	11	0	11	8	17	10	11	6	23
FUMC/FUMC-7	16	4	11	0	17	10	3	2	15	16
FUMC/FUMC-9	3	17	8	17	0	23	16	17	2	27
FUMC/FUMC-106	22	12	17	10	23	0	11	10	21	22
FUMC/FUMC-4	15	1	10	3	16	11	0	1	14	15
FUMC/FUMC-6	16	2	11	2	17	10	1	0	15	14
FUMC/FUMC-11	1	15	6	15	2	21	14	15	0	25
FUMC/FUMC-2	26	16	23	16	27	22	15	14	25	0
