ICD/ICD-1	0	3	12	12	2	8	1	2	11	8
ICD/ICD-8	3	0	14	13	5	11	4	1	14	5
ICD/ICD-4	12	14	0	13	13	14	13	14	17	13
ICD/ICD-6	12	13	13	0	13	14	13	14	17	12
ICD/ICD-9	2	5	13	13	0	10	3	4	10	9
ICD/ICD-2	8	11	14	14	10	0	9	10	19	14
ICD/ICD-5	1	4	13	13	3	9	0	3	12	9
ICD/ICD-10	2	1	14	14	4	10	3	0	13	6
ICD/ICD-7	11	14	17	17	10	19	12	13	0	13
ICD/ICD-3	8	5	13	12	9	14	9	6	13	0
